name,ttm,12/31/2023,12/31/2022,12/31/2021,12/31/2020,12/31/2019,12/31/2018,12/31/2017,12/31/2016,12/31/2015,12/31/2014,12/31/2013,12/31/2012,12/31/2011,12/31/2010,12/31/2009,12/31/2008,12/31/2007,12/31/2006,12/31/2005,12/31/2004,12/31/2003,12/31/2002,12/31/2001,12/31/2000,12/31/1999,12/31/1998,12/31/1997
OperatingCashFlow,"3,183,000,000","3,170,000,000","2,363,000,000","1,177,000,000","1,639,000,000","1,685,000,000","2,357,000,000","2,227,000,000","1,619,000,000","1,515,000,000","1,224,000,000","1,140,000,000","989,000,000","1,089,000,000","1,151,000,000","868,000,000","641,000,000","778,000,000","970,000,000","840,000,000","891,000,000","403,000,000","516,000,000","403,000,000","856,000,000","711,000,000","605,000,000","521,000,000"
	CashFlowFromContinuingOperatingActivities,"3,183,000,000","3,170,000,000","2,363,000,000","1,177,000,000","1,639,000,000","1,685,000,000","2,357,000,000","2,227,000,000","1,619,000,000","1,515,000,000","1,224,000,000","1,140,000,000","989,000,000","1,089,000,000","1,151,000,000","868,000,000","641,000,000","778,000,000","970,000,000","840,000,000","891,000,000","403,000,000","516,000,000","403,000,000","856,000,000","711,000,000","605,000,000","521,000,000"
		NetIncomeFromContinuingOperations,"2,936,000,000","3,083,000,000","2,358,000,000","1,099,000,000","-267,000,000","1,273,000,000","1,907,000,000","1,459,000,000","808,000,000","859,000,000","753,000,000","626,000,000","571,000,000","198,000,000","458,000,000","-353,000,000","347,000,000","696,000,000","608,000,000","668,000,000","594,000,000","476,000,000","439,000,000","269,000,000","490,000,000","400,000,000","390,000,000","324,000,000"
		OperatingGainsLosses,,,,"164,000,000","3,000,000","-147,000,000","-194,000,000","-687,000,000","1,000,000","-25,000,000",,,,"-5,000,000","178,000,000","-5,000,000","-246,000,000","-186,000,000","35,000,000","-40,000,000","-65,000,000","-274,000,000","-107,000,000","-104,000,000","-19,000,000","-83,000,000","6,000,000",
		DepreciationAmortizationDepletion,"284,000,000","277,000,000","282,000,000","295,000,000","478,000,000","403,000,000","284,000,000","279,000,000","159,000,000","139,000,000","148,000,000","127,000,000","102,000,000","144,000,000","178,000,000","185,000,000","190,000,000","197,000,000","188,000,000","184,000,000","166,000,000","160,000,000","187,000,000","222,000,000","195,000,000","162,000,000","140,000,000","126,000,000"
			DepreciationAndAmortization,"284,000,000","277,000,000","282,000,000","295,000,000","478,000,000","403,000,000","284,000,000","279,000,000","159,000,000","139,000,000","148,000,000","127,000,000","102,000,000","144,000,000","178,000,000","185,000,000","190,000,000","197,000,000","188,000,000","184,000,000","166,000,000","160,000,000","187,000,000","222,000,000","195,000,000","162,000,000","140,000,000","126,000,000"
				Depreciation,"284,000,000","277,000,000","282,000,000","295,000,000","478,000,000","403,000,000","284,000,000","279,000,000","159,000,000","139,000,000","148,000,000","127,000,000","102,000,000","144,000,000",,,,,,,,,,,,,,
		DeferredTax,"-534,000,000","-612,000,000","280,000,000","-281,000,000","-478,000,000","-200,000,000","-239,000,000","887,000,000","103,000,000","143,000,000","71,000,000","73,000,000","224,000,000","113,000,000","-27,000,000",,,,,,,,,,,"87,000,000","76,000,000",
			DeferredIncomeTax,"-534,000,000","-612,000,000","280,000,000","-281,000,000","-478,000,000","-200,000,000","-239,000,000","887,000,000","103,000,000","143,000,000","71,000,000","73,000,000","224,000,000","113,000,000","-27,000,000",,,,,,,,,,,"87,000,000","76,000,000",
		AssetImpairmentCharge,,,,,,,,,,,,"0","19,000,000","324,000,000","131,000,000","832,000,000","0",,,,,,,,,,,
		StockBasedCompensation,"222,000,000","205,000,000","192,000,000","182,000,000","201,000,000","187,000,000","184,000,000","181,000,000","212,000,000","113,000,000","109,000,000","116,000,000","94,000,000",,,,,,,,,,,,,,,
		OtherNonCashItems,"265,000,000","148,000,000","-207,000,000","-392,000,000","1,730,000,000","442,000,000","491,000,000","138,000,000","442,000,000","327,000,000","263,000,000","148,000,000","135,000,000","248,000,000","291,000,000","103,000,000","178,000,000",,"-67,000,000","1,000,000",,,,,,,,"32,000,000"
		ChangeInWorkingCapital,"10,000,000","69,000,000","-542,000,000","110,000,000","-28,000,000","-273,000,000","-76,000,000","-30,000,000","-106,000,000","-41,000,000","-120,000,000","50,000,000","-137,000,000","62,000,000","120,000,000","106,000,000","172,000,000","71,000,000","139,000,000","27,000,000","196,000,000","41,000,000","-3,000,000","16,000,000","190,000,000","145,000,000","-7,000,000","39,000,000"
			ChangeInReceivables,,,,,,,,,,,,,,,,,,,"-10,000,000","-128,000,000","-6,000,000","-81,000,000","-31,000,000","57,000,000","-53,000,000","-126,000,000","-104,000,000","-82,000,000"
			ChangeInInventory,,,,,,,,,,,,,,,,,,,,,,,,"1,000,000","-4,000,000","-17,000,000","15,000,000","0"
			ChangeInPayablesAndAccruedExpense,,,,,,,,,,,,,,,,,,,"52,000,000","113,000,000","218,000,000","111,000,000","-32,000,000","-21,000,000","219,000,000","326,000,000","98,000,000","129,000,000"
				ChangeInPayable,,,,,,,,,,,,,,,,,,,,,,,,,,,,"129,000,000"
					ChangeInTaxPayable,,,,,,,,,,,,,,,,,,,,,,,,,,,,"64,000,000"
						ChangeInIncomeTaxPayable,,,,,,,,,,,,,,,,,,,,,,,,,,,,"64,000,000"
			ChangeInOtherCurrentAssets,,,,,,,,,,,,,,,,,,,"-9,000,000","-22,000,000","-16,000,000","11,000,000","60,000,000","-20,000,000","24,000,000","-38,000,000","-16,000,000","-8,000,000"
			ChangeInOtherWorkingCapital,,,,,,,,,,,,,,,,,"172,000,000","71,000,000","139,000,000","27,000,000",,,,,,,,
InvestingCashFlow,"-447,000,000","-465,000,000","-297,000,000","-187,000,000","35,000,000","-284,000,000","-52,000,000","1,211,000,000","-2,346,000,000","367,000,000","-313,000,000","-519,000,000","-585,000,000","-247,000,000","-264,000,000","-69,000,000","-483,000,000","125,000,000","119,000,000","-130,000,000","287,000,000","311,000,000","317,000,000","-481,000,000","-1,026,000,000","-787,000,000","-724,000,000","-1,048,000,000"
	CashFlowFromContinuingInvestingActivities,"-447,000,000","-465,000,000","-297,000,000","-187,000,000","35,000,000","-284,000,000","-52,000,000","1,211,000,000","-2,346,000,000","367,000,000","-313,000,000","-519,000,000","-585,000,000","-247,000,000","-264,000,000","-69,000,000","-483,000,000","125,000,000","119,000,000","-130,000,000","287,000,000","311,000,000","317,000,000","-481,000,000","-1,026,000,000","-787,000,000","-724,000,000","-1,048,000,000"
		CapitalExpenditureReported,"-492,000,000","-452,000,000","-332,000,000","-183,000,000","-135,000,000","-653,000,000","-556,000,000","-240,000,000","-199,000,000","-305,000,000","-411,000,000","-296,000,000","-437,000,000","-183,000,000","-307,000,000","-147,000,000","-357,000,000",,,,,,,,,,,"-520,000,000"
		NetPPEPurchaseAndSale,"72,000,000","71,000,000","1,000,000","12,000,000","260,000,000","395,000,000","479,000,000","1,418,000,000","211,000,000","673,000,000","435,000,000","0","65,000,000","20,000,000",,,"-319,000,000","74,000,000","269,000,000","-482,000,000","221,000,000","284,000,000","437,000,000","-6,000,000","-353,000,000","-554,000,000","-653,000,000",
			PurchaseOfPPE,,,,,,,,,,,,,,,,,"-357,000,000","-671,000,000","-529,000,000","-780,000,000","-181,000,000","-210,000,000","-292,000,000","-560,000,000","-1,095,000,000","-990,000,000","-985,000,000",
			SaleOfPPE,"72,000,000","71,000,000","1,000,000","12,000,000","260,000,000","395,000,000","479,000,000","1,418,000,000","211,000,000","673,000,000","435,000,000","0","65,000,000","20,000,000",,,"38,000,000","745,000,000","798,000,000","298,000,000","402,000,000","494,000,000","729,000,000","554,000,000","742,000,000","436,000,000","332,000,000",
		NetIntangiblesPurchaseAndSale,,,,,,,,"-189,000,000","-80,000,000","-121,000,000","-65,000,000","-61,000,000","-253,000,000","-74,000,000","-56,000,000","-39,000,000","-133,000,000",,,,,,,,,,,
			PurchaseOfIntangibles,,,,,,,,"-189,000,000","-80,000,000","-121,000,000","-65,000,000","-61,000,000","-253,000,000","-74,000,000","-56,000,000","-39,000,000","-133,000,000",,,,,,,,,,,
		NetBusinessPurchaseAndSale,"1,000,000","-101,000,000","0","0","260,000,000","395,000,000","0","-189,000,000","-2,392,000,000","-258,000,000","-249,000,000","-189,000,000","-286,000,000","-157,000,000","114,000,000","2,000,000","38,000,000",,,,,,,,,,,"-859,000,000"
			PurchaseOfBusiness,"1,000,000","-101,000,000","0","0",,,"0","-189,000,000","-2,392,000,000","-258,000,000","-249,000,000","-189,000,000","-286,000,000","-157,000,000",,,,,,,,,,,,,,"-859,000,000"
			SaleOfBusiness,,,,,"260,000,000","395,000,000","479,000,000","1,418,000,000","211,000,000","673,000,000","435,000,000","0","65,000,000","20,000,000","114,000,000","2,000,000","38,000,000",,,,,,,,,,,
		NetInvestmentPurchaseAndSale,,,,,,,,"0","0","121,000,000","0","-65,000,000","0","0","-35,000,000","-12,000,000","-3,000,000","3,000,000","-122,000,000","-231,000,000",,,,,,,,
			PurchaseOfInvestment,,,,,,,,,,"-7,000,000","0","-65,000,000","0","0","-53,000,000","-28,000,000","-25,000,000","-40,000,000","-122,000,000","-231,000,000",,,,,,,,
			SaleOfInvestment,,,,,,,,"0","0","121,000,000","0",,"155,000,000","0","18,000,000","16,000,000","22,000,000","43,000,000",,,,,,,,,,
		NetOtherInvestingChanges,"-28,000,000","17,000,000","34,000,000","-16,000,000","-90,000,000","-26,000,000","25,000,000","33,000,000","34,000,000","136,000,000","-88,000,000","31,000,000","73,000,000","73,000,000","20,000,000","127,000,000","-28,000,000","48,000,000","-28,000,000","583,000,000","66,000,000","27,000,000","-120,000,000","-475,000,000","-673,000,000","-233,000,000","-71,000,000","331,000,000"
FinancingCashFlow,"-2,945,000,000","-2,864,000,000","-2,962,000,000","-463,000,000","-1,033,000,000","-1,508,000,000","-2,374,000,000","-3,896,000,000","1,497,000,000","-1,890,000,000","-933,000,000","-583,000,000","-418,000,000","-1,245,000,000","-497,000,000","-818,000,000","-356,000,000","-762,000,000","-1,099,000,000","-1,274,000,000","-637,000,000","-683,000,000","-1,447,000,000","564,000,000","21,000,000","175,000,000","301,000,000","577,000,000"
	CashFlowFromContinuingFinancingActivities,"-2,945,000,000","-2,864,000,000","-2,962,000,000","-463,000,000","-1,033,000,000","-1,508,000,000","-2,374,000,000","-3,896,000,000","1,497,000,000","-1,890,000,000","-933,000,000","-583,000,000","-418,000,000","-1,245,000,000","-497,000,000","-818,000,000","-356,000,000","-762,000,000","-1,099,000,000","-1,274,000,000","-637,000,000","-683,000,000","-1,447,000,000","564,000,000","21,000,000","175,000,000","301,000,000","577,000,000"
		NetIssuancePaymentsOfDebt,"1,847,000,000","1,780,000,000","-3,000,000","-231,000,000","-616,000,000","1,513,000,000","1,120,000,000","-250,000,000","2,529,000,000","325,000,000","622,000,000","249,000,000","750,000,000","179,000,000","-595,000,000","-782,000,000","126,000,000","925,000,000","147,000,000","332,000,000","-141,000,000","-361,000,000","-1,165,000,000","784,000,000","312,000,000","303,000,000","395,000,000","1,000,000"
			NetLongTermDebtIssuance,"1,695,000,000","1,234,000,000","179,000,000","-381,000,000","1,674,000,000","562,000,000","1,120,000,000","-250,000,000","2,529,000,000","325,000,000","622,000,000","249,000,000","750,000,000","179,000,000","-595,000,000","-238,000,000","-258,000,000",,,,,,,,,,,"1,000,000"
				LongTermDebtIssuance,"2,603,000,000","1,918,000,000","983,000,000","1,793,000,000","3,561,000,000","1,397,000,000","1,646,000,000","60,000,000","2,855,000,000","650,000,000","629,000,000","656,000,000","1,120,000,000","443,000,000","215,000,000","0","17,000,000",,,,,,,,,,,"16,000,000"
				LongTermDebtPayments,"-908,000,000","-684,000,000","-804,000,000","-2,174,000,000","-1,887,000,000","-835,000,000","-526,000,000","-310,000,000","-326,000,000","-325,000,000","-7,000,000","-407,000,000","-370,000,000","-264,000,000","-810,000,000","-238,000,000","-275,000,000",,,,,,,,,,,"-15,000,000"
			NetShortTermDebtIssuance,"152,000,000","546,000,000","-182,000,000","150,000,000","-2,290,000,000","951,000,000",,,,,,,,,"-425,000,000","-544,000,000","384,000,000",,,,,,,,,,,
				ShortTermDebtIssuance,,,,,,,,,,,,,,,,,"384,000,000",,,,,,,,,,,
				ShortTermDebtPayments,,,,,,,,,,,,,,,"-425,000,000","-544,000,000",,,,,,,,,,,,
		NetCommonStockIssuance,"-4,001,000,000","-3,924,000,000","-2,566,000,000","2,000,000","-150,000,000","-2,253,000,000","-2,846,000,000","-3,007,000,000","-534,000,000","-1,877,000,000","-1,332,000,000","-635,000,000","-966,000,000","-1,301,000,000","141,000,000","27,000,000","-383,000,000","-1,554,000,000","-1,168,000,000","-1,519,000,000","-458,000,000","-271,000,000","-217,000,000","-159,000,000","-282,000,000","-311,000,000","-383,000,000",
			CommonStockIssuance,"62,000,000","29,000,000","0","2,000,000","0","7,000,000","4,000,000","6,000,000","34,000,000","40,000,000","178,000,000","199,000,000","179,000,000","124,000,000","198,000,000","27,000,000","51,000,000","203,000,000","378,000,000","125,000,000","206,000,000","102,000,000","35,000,000","76,000,000","58,000,000","43,000,000","15,000,000",
			CommonStockPayments,"-4,063,000,000","-3,953,000,000","-2,566,000,000","0","-150,000,000","-2,260,000,000","-2,850,000,000","-3,013,000,000","-568,000,000","-1,917,000,000","-1,510,000,000","-834,000,000","-1,145,000,000","-1,425,000,000","-57,000,000","0","-434,000,000","-1,757,000,000","-1,546,000,000","-1,644,000,000","-664,000,000","-373,000,000","-252,000,000","-235,000,000","-340,000,000","-354,000,000","-398,000,000",
		CashDividendsPaid,"-636,000,000","-587,000,000","-321,000,000","0","-156,000,000","-612,000,000","-543,000,000","-482,000,000","-374,000,000","-253,000,000","-223,000,000","-196,000,000","-191,000,000","-134,000,000","-43,000,000","-63,000,000","-115,000,000","-105,000,000","-93,000,000","-84,000,000","-73,000,000","-68,000,000","-65,000,000","-61,000,000","-55,000,000","-52,000,000","-37,000,000",
			CommonStockDividendPaid,"-636,000,000","-587,000,000","-321,000,000","0","-156,000,000","-612,000,000","-543,000,000","-482,000,000","-374,000,000","-253,000,000","-223,000,000","-196,000,000","-191,000,000","-134,000,000","-43,000,000",,,,,,,,,,,,,
		NetOtherFinancingCharges,"-155,000,000","-133,000,000","-72,000,000","-234,000,000","-111,000,000","-156,000,000","-105,000,000","-157,000,000","-124,000,000","-85,000,000",,"-1,000,000","-11,000,000","11,000,000",,,"16,000,000","-28,000,000","15,000,000","-3,000,000","35,000,000","17,000,000",,,"46,000,000","235,000,000","326,000,000","576,000,000"
EndCashPosition,"370,000,000","366,000,000","525,000,000","1,421,000,000","894,000,000","253,000,000","360,000,000","429,000,000","887,000,000","96,000,000","104,000,000","126,000,000","88,000,000","102,000,000","505,000,000","115,000,000","134,000,000","332,000,000","193,000,000","201,000,000","770,000,000","229,000,000","198,000,000","812,000,000","326,000,000","489,000,000","390,000,000","289,000,000"
	ChangesInCash,"-209,000,000","-159,000,000","-896,000,000","527,000,000","641,000,000","-107,000,000","-69,000,000","-458,000,000","770,000,000","-8,000,000","-22,000,000","38,000,000","-14,000,000","-403,000,000","390,000,000","-19,000,000","-198,000,000","141,000,000","-10,000,000","-564,000,000","541,000,000","31,000,000","-614,000,000","486,000,000","-149,000,000","99,000,000","182,000,000","50,000,000"
	BeginningCashPosition,"579,000,000","525,000,000","1,421,000,000","894,000,000","253,000,000","360,000,000","429,000,000","887,000,000","117,000,000","104,000,000","126,000,000","88,000,000","102,000,000","505,000,000","115,000,000","134,000,000","332,000,000","191,000,000","203,000,000","765,000,000","229,000,000","198,000,000","812,000,000","326,000,000","475,000,000","390,000,000","208,000,000","239,000,000"
	OtherCashAdjustmentOutsideChangeinCash,,,,,,,,,,,,,,,,,,,,,,,,,,,"-390,000,000",
CapitalExpenditure,"-492,000,000","-452,000,000","-332,000,000","-183,000,000","-135,000,000","-653,000,000","-556,000,000","-240,000,000","-199,000,000","-305,000,000","-411,000,000","-296,000,000","-437,000,000","-183,000,000","-363,000,000","-186,000,000","-490,000,000","-671,000,000","-529,000,000","-780,000,000","-181,000,000","-210,000,000","-292,000,000","-560,000,000","-1,095,000,000","-990,000,000","-985,000,000","-520,000,000"
IssuanceOfCapitalStock,"62,000,000","29,000,000","0","2,000,000","0","7,000,000","4,000,000","6,000,000","34,000,000","40,000,000","178,000,000","199,000,000","179,000,000","124,000,000","198,000,000","27,000,000","51,000,000","203,000,000","378,000,000","125,000,000","206,000,000","102,000,000","35,000,000","76,000,000","58,000,000","43,000,000","15,000,000",
IssuanceOfDebt,"2,603,000,000","1,918,000,000","983,000,000","1,793,000,000","3,561,000,000","1,397,000,000","1,646,000,000","60,000,000","2,855,000,000","650,000,000","629,000,000","656,000,000","1,120,000,000","443,000,000","215,000,000","0","401,000,000",,,,,,,,,,,"16,000,000"
RepaymentOfDebt,"-908,000,000","-684,000,000","-804,000,000","-2,174,000,000","-1,887,000,000","-835,000,000","-526,000,000","-310,000,000","-326,000,000","-325,000,000","-7,000,000","-407,000,000","-370,000,000","-264,000,000","-810,000,000","-782,000,000","-275,000,000",,,,,,,,,,,"-15,000,000"
RepurchaseOfCapitalStock,"-4,063,000,000","-3,953,000,000","-2,566,000,000","0","-150,000,000","-2,260,000,000","-2,850,000,000","-3,013,000,000","-568,000,000","-1,917,000,000","-1,510,000,000","-834,000,000","-1,145,000,000","-1,425,000,000","-57,000,000","0","-434,000,000","-1,757,000,000","-1,546,000,000","-1,644,000,000","-664,000,000","-373,000,000","-252,000,000","-235,000,000","-340,000,000","-354,000,000","-398,000,000",
FreeCashFlow,"2,691,000,000","2,718,000,000","2,031,000,000","994,000,000","1,504,000,000","1,032,000,000","1,801,000,000","1,987,000,000","1,420,000,000","1,210,000,000","813,000,000","844,000,000","552,000,000","906,000,000","788,000,000","682,000,000","151,000,000","107,000,000","441,000,000","60,000,000","710,000,000","193,000,000","224,000,000","-157,000,000","-239,000,000","-279,000,000","-380,000,000","1,000,000"